************DE baseline:****************

RandomForestClassifier(class_weight='balanced', n_estimators=300,
                       random_state=1234)
[0.55339806 0.57281553 0.5631068  0.58252427 0.60194175 0.55339806
 0.53398058 0.65048544 0.51456311 0.59803922]
0.5724252807919284
[[ 35  22   0   0   0]
 [ 42 199  62   3   0]
 [  1  69 167  78  16]
 [  0   8  57 179  49]
 [  0   0   7  26   9]]
0.4972390333033216
LinearSVC(class_weight='balanced', random_state=1234)
[0.23300971 0.66990291 0.51456311 0.54368932 0.33009709 0.5631068
 0.57281553 0.29126214 0.53398058 0.57843137]
0.48308585570150386
[[ 15  42   0   0   0]
 [ 13 271   6  16   0]
 [  1 166  38 126   0]
 [  0  79  41 173   0]
 [  0  10   6  26   0]]
0.3389621241448972
LogisticRegression(class_weight='balanced', random_state=1234)
[0.5631068  0.53398058 0.5631068  0.54368932 0.58252427 0.54368932
 0.48543689 0.60194175 0.50485437 0.56862745]
0.549095754806777
[[ 47  10   0   0   0]
 [ 82 170  54   0   0]
 [  3  77 184  53  14]
 [  0   5  47 137 104]
 [  0   0   2  13  27]]
0.5065209421256696

************IT baseline:****************

RandomForestClassifier(class_weight='balanced', n_estimators=300,
                       random_state=1234)
[0.86419753 0.7654321  0.69135802 0.71604938 0.7625     0.6625
 0.7        0.7125     0.7375     0.775     ]
0.7387037037037036
[[ 12  17   0]
 [ 42 265  74]
 [  0  77 317]]
0.604338718274717
LinearSVC(class_weight='balanced', random_state=1234)
[0.65432099 0.74074074 0.54320988 0.7037037  0.475      0.65
 0.75       0.7        0.5625     0.6125    ]
0.6391975308641975
[[  5  24   0]
 [ 20 350  11]
 [  0 235 159]]
0.48536189316331163
LogisticRegression(class_weight='balanced', random_state=1234)
[0.71604938 0.81481481 0.69135802 0.7037037  0.7375     0.6625
 0.6625     0.6625     0.6625     0.75      ]
0.7063425925925925
[[ 24   5   0]
 [113 230  38]
 [  1  79 314]]
0.5970395698659964

************CZ baseline:****************

RandomForestClassifier(class_weight='balanced', n_estimators=300,
                       random_state=1234)
[0.54545455 0.63636364 0.5        0.5        0.53488372 0.55813953
 0.48837209 0.55813953 0.55813953 0.58139535]
0.5460887949260043
[[137  45   6]
 [ 47  65  53]
 [  7  39  35]]
0.5123226279907457
LinearSVC(class_weight='balanced', random_state=1234)
[0.56818182 0.65909091 0.68181818 0.61363636 0.55813953 0.55813953
 0.65116279 0.44186047 0.34883721 0.53488372]
0.5615750528541226
[[131  32  25]
 [ 28  72  65]
 [  4  36  41]]
0.5351207822699728
LogisticRegression(class_weight='balanced', random_state=1234)
[0.61363636 0.56818182 0.68181818 0.56818182 0.62790698 0.69767442
 0.69767442 0.76744186 0.53488372 0.69767442]
0.645507399577167
[[162  24   2]
 [ 43  63  59]
 [  1  25  55]]
0.6118614353692878

*** Train with DE, test with IT baseline******

0.43034825870646765
[[  9  17   3   0   0]
 [ 22 210 125  21   3]
 [  0  37 127 161  69]
 [  0   0   0   0   0]
 [  0   0   0   0   0]]
0.5111857355997809
0.32960199004975127
[[  1  28   0   0]
 [  0 264   0 117]
 [  0  28   0 366]
 [  0   0   0   0]]
0.35933610596565435
0.4689054726368159
[[ 18  11   0   0   0]
 [ 43 221 101  13   3]
 [  0  28 138 141  87]
 [  0   0   0   0   0]
 [  0   0   0   0   0]]
0.5548620620640062

*** Train with DE, test with CZ baseline ******

0.39400921658986177
[[ 0  0  0  0  0]
 [ 8 71 86 21  2]
 [ 1  5 55 76 28]
 [ 0  1 13 45 22]
 [ 0  0  0  0  0]]
0.4385409154960567
0.3686635944700461
[[ 79   0 109]
 [  3   0 162]
 [  0   0  81]]
0.3233171997680677
0.4078341013824885
[[ 0  0  0  0  0]
 [12 67 96 13  0]
 [ 0  3 68 61 33]
 [ 0  0  7 42 32]
 [ 0  0  0  0  0]]
0.45844976083967126

****Multilingual classification baseline*************

RandomForestClassifier(class_weight='balanced', n_estimators=300,
                       random_state=1234)
[0.46255507 0.48017621 0.53303965 0.52422907 0.51101322 0.46696035
 0.51982379 0.50442478 0.5        0.49557522]
0.4997797356828194
[[ 55  31   0   0   0]
 [126 543 171  32   3]
 [  5 203 351 226 105]
 [  0  15 114 176  69]
 [  0   0  16  18   8]]
0.4015538183231562
LinearSVC(class_weight='balanced', random_state=1234)
[0.2907489  0.20704846 0.49779736 0.2907489  0.5154185  0.57268722
 0.51101322 0.49115044 0.27433628 0.38053097]
0.40314802541811245
[[ 31  53   2   0   0]
 [155 459 139 116   6]
 [ 58 207 248 311  66]
 [  4  30 132 172  36]
 [  0   1  17  20   4]]
0.299252756356819
LogisticRegression(class_weight='balanced', random_state=1234)
[0.46255507 0.50220264 0.52863436 0.48017621 0.51101322 0.44493392
 0.42731278 0.51327434 0.45132743 0.47345133]
0.47948812911777317
[[ 75  11   0   0   0]
 [222 516 119  15   3]
 [  5 232 334 190 129]
 [  0   8  99 138 129]
 [  0   0   7  11  24]]
0.40040344531469324
